palettes <- list(
  colorblind_1 = c("#648fff",  "#ffb000", "#dc267f", "#fe6100", "#785ef0", "#000000", "#FFFFFF", "#999999")
)